rs	1K894.R1.a_C9|RHA|XX_1_251_X4	1K894.R1.b_C9|RHA|XX_1_251_X4	1K894.R2.a_C9|RHA|XX_2_252_X4	1K894.R2.b_C9|RHA|XX_2_252_X4	1K89R.R1.a_C9|RHA|XX_1_251_X4	1K89R.R1.b_C9|RHA|XX_1_251_X4	1K89R.R2.a_C9|RHA|XX_2_252_X4	1K89R.R2.b_C9|RHA|XX_2_252_X4	1|4GT_C9|RHA|XX_2_252_X4	1|4GV_C9|RHA|XX_2_252_X4
TP131528	127|127	127|93	127|127	127|118	127|2	127|14	127|0	127|1	127|127	127|127
TP133733	127|9	127|5	127|42	127|10	127|19	127|31	127|46	127|19	127|20	127|51
TP163110	39|10	34|13	77|24	32|15	56|14	79|26	127|43	76|24	113|0	127|54
TP68134	45|15	34|12	82|18	54|10	34|16	41|8	127|43	64|11	44|12	127|0
TP26092	32|18	25|11	50|29	29|13	22|6	35|23	114|54	46|20	37|9	99|45
TP120777	38|3	30|2	83|21	36|8	40|3	73|6	101|19	52|8	38|6	96|16
TP89833	16|12	29|10	32|27	28|7	27|20	35|27	76|26	42|24	38|32	85|0
TP47597	41|0	26|0	67|0	36|0	20|20	20|18	77|64	27|33	32|8	125|34
TP144766	15|7	19|9	56|32	19|6	55|0	72|0	117|0	68|0	18|12	74|16
